function jac_mat =jac_mat_init(X, jac_mat)

% constant elements in jacobian matrix
jac_mat(1,1) = -13.8632768177545;
jac_mat(2,1) = 3.46581920443863;
jac_mat(1,2) = 1.15527306814621;
jac_mat(2,2) = -6.93163840887727;
jac_mat(3,2) = 3.46581920443863;
jac_mat(2,3) = 3.46581920443863;
jac_mat(3,3) = -6.93163840887727;
jac_mat(4,3) = 3.46581920443863;
jac_mat(3,4) = 3.46581920443863;
jac_mat(4,4) = -6.93163840887727;
jac_mat(5,4) = 3.46581920443863;
jac_mat(4,5) = 3.46581920443863;
jac_mat(5,5) = -6.93163840887727;
jac_mat(6,5) = 3.46581920443863;
jac_mat(5,6) = 3.46581920443863;
jac_mat(6,6) = -6.93163840887727;
jac_mat(7,6) = 3.46581920443863;
jac_mat(6,7) = 3.46581920443863;
jac_mat(7,7) = -6.93163840887727;
jac_mat(8,7) = 3.46581920443863;
jac_mat(7,8) = 3.46581920443863;
jac_mat(8,8) = -6.93163840887727;
jac_mat(9,8) = 3.46581920443863;
jac_mat(8,9) = 3.46581920443863;
jac_mat(9,9) = -6.93163840887727;
jac_mat(10,9) = 3.46581920443863;
jac_mat(9,10) = 3.46581920443863;
jac_mat(10,10) = -6.93163840887727;
jac_mat(11,10) = 3.46581920443863;
jac_mat(10,11) = 3.46581920443863;
jac_mat(11,11) = -8.05509618414409;
jac_mat(12,11) = 4.92304257822949;
jac_mat(11,12) = 4.58927697970546;
jac_mat(12,12) = -11.0633858826006;
jac_mat(13,12) = 6.14034330437114;
jac_mat(12,13) = 6.14034330437114;
jac_mat(13,13) = -12.2806866087423;
jac_mat(14,13) = 6.14034330437114;
jac_mat(13,14) = 6.14034330437114;
jac_mat(14,14) = -12.2806866087423;
jac_mat(15,14) = 6.14034330437114;
jac_mat(14,15) = 6.14034330437114;
jac_mat(15,15) = -10.0228495591354;
jac_mat(16,15) = 2.32106352186995;
jac_mat(15,16) = 3.88250625476428;
jac_mat(16,16) = -3.60631892232868;
jac_mat(17,16) = 1.28525540045873;
jac_mat(16,17) = 1.28525540045873;
jac_mat(17,17) = -2.57051080091746;
jac_mat(18,17) = 1.28525540045873;
jac_mat(17,18) = 1.28525540045873;
jac_mat(18,18) = -2.57051080091746;
jac_mat(19,18) = 1.28525540045873;
jac_mat(18,19) = 1.28525540045873;
jac_mat(19,19) = -2.57051080091746;
jac_mat(20,19) = 1.28525540045873;
jac_mat(19,20) = 1.28525540045873;
jac_mat(20,20) = -2.57051080091746;
jac_mat(21,20) = 1.28525540045873;
jac_mat(20,21) = 1.28525540045873;
jac_mat(21,21) = -2.57051080091746;
jac_mat(22,21) = 1.28525540045873;
jac_mat(21,22) = 1.28525540045873;
jac_mat(22,22) = -2.57051080091746;
jac_mat(23,22) = 1.28525540045873;
jac_mat(22,23) = 1.28525540045873;
jac_mat(23,23) = -2.57051080091746;
jac_mat(24,23) = 1.28525540045873;
jac_mat(23,24) = 1.28525540045873;
jac_mat(24,24) = -2.57051080091746;
jac_mat(25,24) = 1.28525540045873;
jac_mat(24,25) = 1.28525540045873;
jac_mat(25,25) = -2.57051080091746;
jac_mat(26,25) = 1.28525540045873;
jac_mat(25,26) = 1.28525540045873;
jac_mat(26,26) = -1.28525540045873;
jac_mat(27,27) = -1;
jac_mat(28,27) = 1;
jac_mat(27,28) = 1;
jac_mat(28,28) = -2;
jac_mat(29,28) = 1;
jac_mat(28,29) = 1;
jac_mat(29,29) = -2;
jac_mat(30,29) = 1;
jac_mat(29,30) = 1;
jac_mat(30,30) = -2;
jac_mat(31,30) = 1;
jac_mat(30,31) = 1;
jac_mat(31,31) = -2;
jac_mat(32,31) = 1;
jac_mat(31,32) = 1;
jac_mat(32,32) = -2;
jac_mat(33,32) = 1;
jac_mat(32,33) = 1;
jac_mat(33,33) = -2;
jac_mat(34,33) = 1;
jac_mat(33,34) = 1;
jac_mat(34,34) = -2;
jac_mat(35,34) = 1;
jac_mat(34,35) = 1;
jac_mat(35,35) = -2;
jac_mat(36,35) = 1;
jac_mat(35,36) = 1;
jac_mat(36,36) = -2;
jac_mat(37,36) = 1;
jac_mat(36,37) = 1;
jac_mat(37,37) = -1;
jac_mat(38,38) = -1;
jac_mat(39,38) = 1;
jac_mat(38,39) = 1;
jac_mat(39,39) = -2;
jac_mat(40,39) = 1;
jac_mat(39,40) = 1;
jac_mat(40,40) = -2;
jac_mat(41,40) = 1;
jac_mat(40,41) = 1;
jac_mat(41,41) = -2;
jac_mat(42,41) = 1;
jac_mat(41,42) = 1;
jac_mat(42,42) = -2;
jac_mat(43,42) = 1;
jac_mat(42,43) = 1;
jac_mat(43,43) = -2;
jac_mat(44,43) = 1;
jac_mat(43,44) = 1;
jac_mat(44,44) = -2;
jac_mat(45,44) = 1;
jac_mat(44,45) = 1;
jac_mat(45,45) = -2;
jac_mat(46,45) = 1;
jac_mat(45,46) = 1;
jac_mat(46,46) = -2;
jac_mat(47,46) = 1;
jac_mat(46,47) = 1;
jac_mat(47,47) = -2;
jac_mat(48,47) = 1;
jac_mat(47,48) = 1;
jac_mat(48,48) = -1;
jac_mat(1,49) = 4.04279862266442e-05;
jac_mat(27,49) = -4.80139250492927e-08;
jac_mat(49,49) = 1;
jac_mat(2,50) = 4.04279862266442e-05;
jac_mat(28,50) = -4.80139250492927e-08;
jac_mat(50,50) = 1;
jac_mat(3,51) = 4.04279862266442e-05;
jac_mat(29,51) = -4.80139250492927e-08;
jac_mat(51,51) = 1;
jac_mat(4,52) = 4.04279862266442e-05;
jac_mat(30,52) = -4.80139250492927e-08;
jac_mat(52,52) = 1;
jac_mat(5,53) = 4.04279862266442e-05;
jac_mat(31,53) = -4.80139250492927e-08;
jac_mat(53,53) = 1;
jac_mat(6,54) = 4.04279862266442e-05;
jac_mat(32,54) = -4.80139250492927e-08;
jac_mat(54,54) = 1;
jac_mat(7,55) = 4.04279862266442e-05;
jac_mat(33,55) = -4.80139250492927e-08;
jac_mat(55,55) = 1;
jac_mat(8,56) = 4.04279862266442e-05;
jac_mat(34,56) = -4.80139250492927e-08;
jac_mat(56,56) = 1;
jac_mat(9,57) = 4.04279862266442e-05;
jac_mat(35,57) = -4.80139250492927e-08;
jac_mat(57,57) = 1;
jac_mat(10,58) = 4.04279862266442e-05;
jac_mat(36,58) = -4.80139250492927e-08;
jac_mat(58,58) = 1;
jac_mat(11,59) = 4.04279862266442e-05;
jac_mat(37,59) = -4.80139250492927e-08;
jac_mat(59,59) = 1;
jac_mat(16,60) = 2.59266433410001e-05;
jac_mat(38,60) = -1.92766601873334e-05;
jac_mat(60,60) = 1;
jac_mat(17,61) = 2.59266433410001e-05;
jac_mat(39,61) = -1.92766601873334e-05;
jac_mat(61,61) = 1;
jac_mat(18,62) = 2.59266433410001e-05;
jac_mat(40,62) = -1.92766601873334e-05;
jac_mat(62,62) = 1;
jac_mat(19,63) = 2.59266433410001e-05;
jac_mat(41,63) = -1.92766601873334e-05;
jac_mat(63,63) = 1;
jac_mat(20,64) = 2.59266433410001e-05;
jac_mat(42,64) = -1.92766601873334e-05;
jac_mat(64,64) = 1;
jac_mat(21,65) = 2.59266433410001e-05;
jac_mat(43,65) = -1.92766601873334e-05;
jac_mat(65,65) = 1;
jac_mat(22,66) = 2.59266433410001e-05;
jac_mat(44,66) = -1.92766601873334e-05;
jac_mat(66,66) = 1;
jac_mat(23,67) = 2.59266433410001e-05;
jac_mat(45,67) = -1.92766601873334e-05;
jac_mat(67,67) = 1;
jac_mat(24,68) = 2.59266433410001e-05;
jac_mat(46,68) = -1.92766601873334e-05;
jac_mat(68,68) = 1;
jac_mat(25,69) = 2.59266433410001e-05;
jac_mat(47,69) = -1.92766601873334e-05;
jac_mat(69,69) = 1;
jac_mat(26,70) = 2.59266433410001e-05;
jac_mat(48,70) = -1.92766601873334e-05;
jac_mat(70,70) = 1;

% expressions in jacobian matrix
jac_mat(49,1) = (631781457050628989375277777183*exp((684729633984711*X(27))/35184372088832 - (684729633984711*X(1))/35184372088832 - 533856345329440494615087289617/316912650057057350374175801344))/22079032467155698513841487872 + (631781457050628989375277777183*exp((684729633984711*X(1))/35184372088832 - (684729633984711*X(27))/35184372088832 + 533856345329440494615087289617/316912650057057350374175801344))/22079032467155698513841487872;
jac_mat(50,2) = (631781457050628989375277777183*exp((684729633984711*X(28))/35184372088832 - (684729633984711*X(2))/35184372088832 - 533856345329440494615087289617/316912650057057350374175801344))/22079032467155698513841487872 + (631781457050628989375277777183*exp((684729633984711*X(2))/35184372088832 - (684729633984711*X(28))/35184372088832 + 533856345329440494615087289617/316912650057057350374175801344))/22079032467155698513841487872;
jac_mat(51,3) = (631781457050628989375277777183*exp((684729633984711*X(29))/35184372088832 - (684729633984711*X(3))/35184372088832 - 533856345329440494615087289617/316912650057057350374175801344))/22079032467155698513841487872 + (631781457050628989375277777183*exp((684729633984711*X(3))/35184372088832 - (684729633984711*X(29))/35184372088832 + 533856345329440494615087289617/316912650057057350374175801344))/22079032467155698513841487872;
